C   1 1 1 1
rho 3378. 3354. 2800. 2700.
H   0.0E-12 1.0E-12 2.9e-10 9.2e-10
A   1.393E-14 2.4168E-15 8.574E-28 8.574E-28
n   3.0 3.5 4.0 4.0
Q   429.0E3 540.0E3 222.0E3 222.0E3
V   15.0E-6 25.0E-6 0.0 0.0
-250000.000000 -35000.000000 -15000.000000
-250000.000000 -35000.000000 -15000.000000
-250000.000000 -35000.000000 -15000.000000
-250000.000000 -35000.000000 -15000.000000
-250000.000000 -35000.000000 -15000.000000
-250000.000000 -35000.000000 -15000.000000
-250000.000000 -35000.000000 -15000.000000
-250000.000000 -35000.000000 -15000.000000
-250000.000000 -35000.000000 -15000.000000
-250000.000000 -35000.000000 -15000.000000
-250000.000000 -35000.000000 -15000.000000
-250000.000000 -35000.000000 -15000.000000
-250000.000000 -35000.000000 -15000.000000
-250000.000000 -35000.000000 -15000.000000
-250000.000000 -35000.000000 -15000.000000
-250000.000000 -35000.000000 -15000.000000
-250000.000000 -35000.000000 -15000.000000
-250000.000000 -35000.000000 -15000.000000
-250000.000000 -35000.000000 -15000.000000
-250000.000000 -35000.000000 -15000.000000
-250000.000000 -35000.000000 -15000.000000
-250000.000000 -35000.000000 -15000.000000
-250000.000000 -35000.000000 -15000.000000
-250000.000000 -35000.000000 -15000.000000
-250000.000000 -35000.000000 -15000.000000
-250000.000000 -35000.000000 -15000.000000
-250000.000000 -35000.000000 -15000.000000
-250000.000000 -35000.000000 -15000.000000
-250000.000000 -35000.000000 -15000.000000
-250000.000000 -35000.000000 -15000.000000
-250000.000000 -35000.000000 -15000.000000
-250000.000000 -35000.000000 -15000.000000
-250000.000000 -35000.000000 -15000.000000
-250000.000000 -35000.000000 -15000.000000
-250000.000000 -35000.000000 -15000.000000
-250000.000000 -35000.000000 -15000.000000
-250000.000000 -35000.000000 -15000.000000
-250000.000000 -35000.000000 -15000.000000
-250000.000000 -35000.000000 -15000.000000
-250000.000000 -35000.000000 -15000.000000
-250000.000000 -35000.000000 -15000.000000
-250000.000000 -35000.000000 -15000.000000
-250000.000000 -35000.000000 -15000.000000
-250000.000000 -35000.000000 -15000.000000
-250000.000000 -35000.000000 -15000.000000
-250000.000000 -35000.000000 -15000.000000
-250000.000000 -35000.000000 -15000.000000
-250000.000000 -35000.000000 -15000.000000
-250000.000000 -35000.000000 -15000.000000
-250000.000000 -35000.000000 -15000.000000
-250000.000000 -35000.000000 -15000.000000
-250000.000000 -35000.000000 -15000.000000
-250000.000000 -35000.000000 -15000.000000
-250000.000000 -35000.000000 -15000.000000
-250000.000000 -35000.000000 -15000.000000
-250000.000000 -35000.000000 -15000.000000
-250000.000000 -35000.000000 -15000.000000
-250000.000000 -35000.000000 -15000.000000
-250000.000000 -35000.000000 -15000.000000
-250000.000000 -35000.000000 -15000.000000
-250000.000000 -35000.000000 -15000.000000
-250000.000000 -35000.000000 -15000.000000
-250000.000000 -35000.000000 -15000.000000
-250000.000000 -35000.000000 -15000.000000
-250000.000000 -35000.000000 -15000.000000
-250000.000000 -35000.000000 -15000.000000
-250000.000000 -35000.000000 -15000.000000
-250000.000000 -35000.000000 -15000.000000
-250000.000000 -35000.000000 -15000.000000
-254000.000000 -35080.000000 -15080.000000
-270000.000000 -35400.000000 -15400.000000
-286000.000000 -35720.000000 -15720.000000
-302000.000000 -36040.000000 -16040.000000
-318000.000000 -36360.000000 -16360.000000
-334000.000000 -36680.000000 -16680.000000
-350000.000000 -37000.000000 -17000.000000
-350000.000000 -37000.000000 -17000.000000
-350000.000000 -37000.000000 -17000.000000
-350000.000000 -37000.000000 -17000.000000
-350000.000000 -37000.000000 -17000.000000
-350000.000000 -37000.000000 -17000.000000
-350000.000000 -37000.000000 -17000.000000
-350000.000000 -37000.000000 -17000.000000
-350000.000000 -37000.000000 -17000.000000
-350000.000000 -37000.000000 -17000.000000
-350000.000000 -37000.000000 -17000.000000
-350000.000000 -37000.000000 -17000.000000
-350000.000000 -37000.000000 -17000.000000
-350000.000000 -37000.000000 -17000.000000
-350000.000000 -37000.000000 -17000.000000
-350000.000000 -37000.000000 -17000.000000
-350000.000000 -37000.000000 -17000.000000
-350000.000000 -37000.000000 -17000.000000
-350000.000000 -37000.000000 -17000.000000
-350000.000000 -37000.000000 -17000.000000
-350000.000000 -37000.000000 -17000.000000
-350000.000000 -37000.000000 -17000.000000
-350000.000000 -37000.000000 -17000.000000
-350000.000000 -37000.000000 -17000.000000
-350000.000000 -37000.000000 -17000.000000
-350000.000000 -37000.000000 -17000.000000
-350000.000000 -37000.000000 -17000.000000
-350000.000000 -37000.000000 -17000.000000
-350000.000000 -37000.000000 -17000.000000
-350000.000000 -37000.000000 -17000.000000
-350000.000000 -37000.000000 -17000.000000
-350000.000000 -37000.000000 -17000.000000
-338000.000000 -36760.000000 -16760.000000
-322000.000000 -36440.000000 -16440.000000
-306000.000000 -36120.000000 -16120.000000
-290000.000000 -35800.000000 -15800.000000
-274000.000000 -35480.000000 -15480.000000
-258000.000000 -35160.000000 -15160.000000
-250000.000000 -35000.000000 -15000.000000
-250000.000000 -35000.000000 -15000.000000
-250000.000000 -35000.000000 -15000.000000
-250000.000000 -35000.000000 -15000.000000
-250000.000000 -35000.000000 -15000.000000
-250000.000000 -35000.000000 -15000.000000
-250000.000000 -35000.000000 -15000.000000
-250000.000000 -35000.000000 -15000.000000
-250000.000000 -35000.000000 -15000.000000
-250000.000000 -35000.000000 -15000.000000
-250000.000000 -35000.000000 -15000.000000
-250000.000000 -35000.000000 -15000.000000
-250000.000000 -35000.000000 -15000.000000
-250000.000000 -35000.000000 -15000.000000
-250000.000000 -35000.000000 -15000.000000
-250000.000000 -35000.000000 -15000.000000
-250000.000000 -35000.000000 -15000.000000
-250000.000000 -35000.000000 -15000.000000
-250000.000000 -35000.000000 -15000.000000
-250000.000000 -35000.000000 -15000.000000
-250000.000000 -35000.000000 -15000.000000
-250000.000000 -35000.000000 -15000.000000
-250000.000000 -35000.000000 -15000.000000
-250000.000000 -35000.000000 -15000.000000
-250000.000000 -35000.000000 -15000.000000
-250000.000000 -35000.000000 -15000.000000
-250000.000000 -35000.000000 -15000.000000
-250000.000000 -35000.000000 -15000.000000
-250000.000000 -35000.000000 -15000.000000
-250000.000000 -35000.000000 -15000.000000
-250000.000000 -35000.000000 -15000.000000
-250000.000000 -35000.000000 -15000.000000
-250000.000000 -35000.000000 -15000.000000
-250000.000000 -35000.000000 -15000.000000
-250000.000000 -35000.000000 -15000.000000
-250000.000000 -35000.000000 -15000.000000
-250000.000000 -35000.000000 -15000.000000
-250000.000000 -35000.000000 -15000.000000
-250000.000000 -35000.000000 -15000.000000
-250000.000000 -35000.000000 -15000.000000
-250000.000000 -35000.000000 -15000.000000
-250000.000000 -35000.000000 -15000.000000
-250000.000000 -35000.000000 -15000.000000
-250000.000000 -35000.000000 -15000.000000
-250000.000000 -35000.000000 -15000.000000
-250000.000000 -35000.000000 -15000.000000
-250000.000000 -35000.000000 -15000.000000
-250000.000000 -35000.000000 -15000.000000
-250000.000000 -35000.000000 -15000.000000
-250000.000000 -35000.000000 -15000.000000
-250000.000000 -35000.000000 -15000.000000
-250000.000000 -35000.000000 -15000.000000
-250000.000000 -35000.000000 -15000.000000
-250000.000000 -35000.000000 -15000.000000
-250000.000000 -35000.000000 -15000.000000
-250000.000000 -35000.000000 -15000.000000
-250000.000000 -35000.000000 -15000.000000
-250000.000000 -35000.000000 -15000.000000
-250000.000000 -35000.000000 -15000.000000
-250000.000000 -35000.000000 -15000.000000
-250000.000000 -35000.000000 -15000.000000
-250000.000000 -35000.000000 -15000.000000
-250000.000000 -35000.000000 -15000.000000
-250000.000000 -35000.000000 -15000.000000
-250000.000000 -35000.000000 -15000.000000
-250000.000000 -35000.000000 -15000.000000
-250000.000000 -35000.000000 -15000.000000
-250000.000000 -35000.000000 -15000.000000
-250000.000000 -35000.000000 -15000.000000
-250000.000000 -35000.000000 -15000.000000
-250000.000000 -35000.000000 -15000.000000
-250000.000000 -35000.000000 -15000.000000
-250000.000000 -35000.000000 -15000.000000
-250000.000000 -35000.000000 -15000.000000
-250000.000000 -35000.000000 -15000.000000
-250000.000000 -35000.000000 -15000.000000
-250000.000000 -35000.000000 -15000.000000
-250000.000000 -35000.000000 -15000.000000
-250000.000000 -35000.000000 -15000.000000
-250000.000000 -35000.000000 -15000.000000
-250000.000000 -35000.000000 -15000.000000
-250000.000000 -35000.000000 -15000.000000
-250000.000000 -35000.000000 -15000.000000
-250000.000000 -35000.000000 -15000.000000
-250000.000000 -35000.000000 -15000.000000
-250000.000000 -35000.000000 -15000.000000
-250000.000000 -35000.000000 -15000.000000
-250000.000000 -35000.000000 -15000.000000
-250000.000000 -35000.000000 -15000.000000
-250000.000000 -35000.000000 -15000.000000
-250000.000000 -35000.000000 -15000.000000
-250000.000000 -35000.000000 -15000.000000
-250000.000000 -35000.000000 -15000.000000
-250000.000000 -35000.000000 -15000.000000
-250000.000000 -35000.000000 -15000.000000
-250000.000000 -35000.000000 -15000.000000
-250000.000000 -35000.000000 -15000.000000
-250000.000000 -35000.000000 -15000.000000
-250000.000000 -35000.000000 -15000.000000
-250000.000000 -35000.000000 -15000.000000
-250000.000000 -35000.000000 -15000.000000
-250000.000000 -35000.000000 -15000.000000
-250000.000000 -35000.000000 -15000.000000
-250000.000000 -35000.000000 -15000.000000
-250000.000000 -35000.000000 -15000.000000
-250000.000000 -35000.000000 -15000.000000
-250000.000000 -35000.000000 -15000.000000
-250000.000000 -35000.000000 -15000.000000
-250000.000000 -35000.000000 -15000.000000
-250000.000000 -35000.000000 -15000.000000
-250000.000000 -35000.000000 -15000.000000
-250000.000000 -35000.000000 -15000.000000
-250000.000000 -35000.000000 -15000.000000
-250000.000000 -35000.000000 -15000.000000
-250000.000000 -35000.000000 -15000.000000
-250000.000000 -35000.000000 -15000.000000
-250000.000000 -35000.000000 -15000.000000
-250000.000000 -35000.000000 -15000.000000
-250000.000000 -35000.000000 -15000.000000
-250000.000000 -35000.000000 -15000.000000
-250000.000000 -35000.000000 -15000.000000
-250000.000000 -35000.000000 -15000.000000
-250000.000000 -35000.000000 -15000.000000
-250000.000000 -35000.000000 -15000.000000
-250000.000000 -35000.000000 -15000.000000
-250000.000000 -35000.000000 -15000.000000
-250000.000000 -35000.000000 -15000.000000
-250000.000000 -35000.000000 -15000.000000
-250000.000000 -35000.000000 -15000.000000
-250000.000000 -35000.000000 -15000.000000
-250000.000000 -35000.000000 -15000.000000
-250000.000000 -35000.000000 -15000.000000
-250000.000000 -35000.000000 -15000.000000
-250000.000000 -35000.000000 -15000.000000
-250000.000000 -35000.000000 -15000.000000
-250000.000000 -35000.000000 -15000.000000
-250000.000000 -35000.000000 -15000.000000
-250000.000000 -35000.000000 -15000.000000
-250000.000000 -35000.000000 -15000.000000
-250000.000000 -35000.000000 -15000.000000
-250000.000000 -35000.000000 -15000.000000
-250000.000000 -35000.000000 -15000.000000
-250000.000000 -35000.000000 -15000.000000
-250000.000000 -35000.000000 -15000.000000
-250000.000000 -35000.000000 -15000.000000
-250000.000000 -35000.000000 -15000.000000
-250000.000000 -35000.000000 -15000.000000
-250000.000000 -35000.000000 -15000.000000
-250000.000000 -35000.000000 -15000.000000
-250000.000000 -35000.000000 -15000.000000
-250000.000000 -35000.000000 -15000.000000
-250000.000000 -35000.000000 -15000.000000
-250000.000000 -35000.000000 -15000.000000
-250000.000000 -35000.000000 -15000.000000
-250000.000000 -35000.000000 -15000.000000
-250000.000000 -35000.000000 -15000.000000
-250000.000000 -35000.000000 -15000.000000
-250000.000000 -35000.000000 -15000.000000
-250000.000000 -35000.000000 -15000.000000
-250000.000000 -35000.000000 -15000.000000
-250000.000000 -35000.000000 -15000.000000
-250000.000000 -35000.000000 -15000.000000
-250000.000000 -35000.000000 -15000.000000
-250000.000000 -35000.000000 -15000.000000
-250000.000000 -35000.000000 -15000.000000
-250000.000000 -35000.000000 -15000.000000
-250000.000000 -35000.000000 -15000.000000
-250000.000000 -35000.000000 -15000.000000
-250000.000000 -35000.000000 -15000.000000
-250000.000000 -35000.000000 -15000.000000
-250000.000000 -35000.000000 -15000.000000
-250000.000000 -35000.000000 -15000.000000
-250000.000000 -35000.000000 -15000.000000
-250000.000000 -35000.000000 -15000.000000
-250000.000000 -35000.000000 -15000.000000
-250000.000000 -35000.000000 -15000.000000
-250000.000000 -35000.000000 -15000.000000
-250000.000000 -35000.000000 -15000.000000
-250000.000000 -35000.000000 -15000.000000
-250000.000000 -35000.000000 -15000.000000
-250000.000000 -35000.000000 -15000.000000
-250000.000000 -35000.000000 -15000.000000
-250000.000000 -35000.000000 -15000.000000
-250000.000000 -35000.000000 -15000.000000
-250000.000000 -35000.000000 -15000.000000
-250000.000000 -35000.000000 -15000.000000
-250000.000000 -35000.000000 -15000.000000
-250000.000000 -35000.000000 -15000.000000
-250000.000000 -35000.000000 -15000.000000
-250000.000000 -35000.000000 -15000.000000
-250000.000000 -35000.000000 -15000.000000
-250000.000000 -35000.000000 -15000.000000
-250000.000000 -35000.000000 -15000.000000
-250000.000000 -35000.000000 -15000.000000
-250000.000000 -35000.000000 -15000.000000
-250000.000000 -35000.000000 -15000.000000
-250000.000000 -35000.000000 -15000.000000
-250000.000000 -35000.000000 -15000.000000
-250000.000000 -35000.000000 -15000.000000
-250000.000000 -35000.000000 -15000.000000
-250000.000000 -35000.000000 -15000.000000
-250000.000000 -35000.000000 -15000.000000
-250000.000000 -35000.000000 -15000.000000
-250000.000000 -35000.000000 -15000.000000
-250000.000000 -35000.000000 -15000.000000
-250000.000000 -35000.000000 -15000.000000
-250000.000000 -35000.000000 -15000.000000
-254000.000000 -35080.000000 -15080.000000
-270000.000000 -35400.000000 -15400.000000
-286000.000000 -35720.000000 -15720.000000
-302000.000000 -36040.000000 -16040.000000
-318000.000000 -36360.000000 -16360.000000
-334000.000000 -36680.000000 -16680.000000
-350000.000000 -37000.000000 -17000.000000
-350000.000000 -37000.000000 -17000.000000
-350000.000000 -37000.000000 -17000.000000
-350000.000000 -37000.000000 -17000.000000
-350000.000000 -37000.000000 -17000.000000
-350000.000000 -37000.000000 -17000.000000
-350000.000000 -37000.000000 -17000.000000
-350000.000000 -37000.000000 -17000.000000
-350000.000000 -37000.000000 -17000.000000
-350000.000000 -37000.000000 -17000.000000
-350000.000000 -37000.000000 -17000.000000
-350000.000000 -37000.000000 -17000.000000
-350000.000000 -37000.000000 -17000.000000
-350000.000000 -37000.000000 -17000.000000
-350000.000000 -37000.000000 -17000.000000
-350000.000000 -37000.000000 -17000.000000
-350000.000000 -37000.000000 -17000.000000
-350000.000000 -37000.000000 -17000.000000
-350000.000000 -37000.000000 -17000.000000
-350000.000000 -37000.000000 -17000.000000
-350000.000000 -37000.000000 -17000.000000
-350000.000000 -37000.000000 -17000.000000
-350000.000000 -37000.000000 -17000.000000
-350000.000000 -37000.000000 -17000.000000
-350000.000000 -37000.000000 -17000.000000
-350000.000000 -37000.000000 -17000.000000
-350000.000000 -37000.000000 -17000.000000
-350000.000000 -37000.000000 -17000.000000
-350000.000000 -37000.000000 -17000.000000
-350000.000000 -37000.000000 -17000.000000
-350000.000000 -37000.000000 -17000.000000
-350000.000000 -37000.000000 -17000.000000
-338000.000000 -36760.000000 -16760.000000
-322000.000000 -36440.000000 -16440.000000
-306000.000000 -36120.000000 -16120.000000
-290000.000000 -35800.000000 -15800.000000
-274000.000000 -35480.000000 -15480.000000
-258000.000000 -35160.000000 -15160.000000
-250000.000000 -35000.000000 -15000.000000
-250000.000000 -35000.000000 -15000.000000
-250000.000000 -35000.000000 -15000.000000
-250000.000000 -35000.000000 -15000.000000
-250000.000000 -35000.000000 -15000.000000
-250000.000000 -35000.000000 -15000.000000
-250000.000000 -35000.000000 -15000.000000
-250000.000000 -35000.000000 -15000.000000
-250000.000000 -35000.000000 -15000.000000
-250000.000000 -35000.000000 -15000.000000
-250000.000000 -35000.000000 -15000.000000
-250000.000000 -35000.000000 -15000.000000
-250000.000000 -35000.000000 -15000.000000
-250000.000000 -35000.000000 -15000.000000
-250000.000000 -35000.000000 -15000.000000
-250000.000000 -35000.000000 -15000.000000
-250000.000000 -35000.000000 -15000.000000
-250000.000000 -35000.000000 -15000.000000
-250000.000000 -35000.000000 -15000.000000
-250000.000000 -35000.000000 -15000.000000
-250000.000000 -35000.000000 -15000.000000
-250000.000000 -35000.000000 -15000.000000
-250000.000000 -35000.000000 -15000.000000
-250000.000000 -35000.000000 -15000.000000
-250000.000000 -35000.000000 -15000.000000
-250000.000000 -35000.000000 -15000.000000
-250000.000000 -35000.000000 -15000.000000
-250000.000000 -35000.000000 -15000.000000
-250000.000000 -35000.000000 -15000.000000
-250000.000000 -35000.000000 -15000.000000
-250000.000000 -35000.000000 -15000.000000
-250000.000000 -35000.000000 -15000.000000
-250000.000000 -35000.000000 -15000.000000
-250000.000000 -35000.000000 -15000.000000
-250000.000000 -35000.000000 -15000.000000
-250000.000000 -35000.000000 -15000.000000
-250000.000000 -35000.000000 -15000.000000
-250000.000000 -35000.000000 -15000.000000
-250000.000000 -35000.000000 -15000.000000
-250000.000000 -35000.000000 -15000.000000
-250000.000000 -35000.000000 -15000.000000
-250000.000000 -35000.000000 -15000.000000
-250000.000000 -35000.000000 -15000.000000
-250000.000000 -35000.000000 -15000.000000
-250000.000000 -35000.000000 -15000.000000
-250000.000000 -35000.000000 -15000.000000
-250000.000000 -35000.000000 -15000.000000
-250000.000000 -35000.000000 -15000.000000
-250000.000000 -35000.000000 -15000.000000
-250000.000000 -35000.000000 -15000.000000
-250000.000000 -35000.000000 -15000.000000
-250000.000000 -35000.000000 -15000.000000
-250000.000000 -35000.000000 -15000.000000
-250000.000000 -35000.000000 -15000.000000
-250000.000000 -35000.000000 -15000.000000
-250000.000000 -35000.000000 -15000.000000
-250000.000000 -35000.000000 -15000.000000
-250000.000000 -35000.000000 -15000.000000
-250000.000000 -35000.000000 -15000.000000
-250000.000000 -35000.000000 -15000.000000
-250000.000000 -35000.000000 -15000.000000
-250000.000000 -35000.000000 -15000.000000
-250000.000000 -35000.000000 -15000.000000
-250000.000000 -35000.000000 -15000.000000
-250000.000000 -35000.000000 -15000.000000
-250000.000000 -35000.000000 -15000.000000
-250000.000000 -35000.000000 -15000.000000
-250000.000000 -35000.000000 -15000.000000
-250000.000000 -35000.000000 -15000.000000
-250000.000000 -35000.000000 -15000.000000
-250000.000000 -35000.000000 -15000.000000
-250000.000000 -35000.000000 -15000.000000
-250000.000000 -35000.000000 -15000.000000
-250000.000000 -35000.000000 -15000.000000
-250000.000000 -35000.000000 -15000.000000
-250000.000000 -35000.000000 -15000.000000
-250000.000000 -35000.000000 -15000.000000
-250000.000000 -35000.000000 -15000.000000
-250000.000000 -35000.000000 -15000.000000
-250000.000000 -35000.000000 -15000.000000
-250000.000000 -35000.000000 -15000.000000
-250000.000000 -35000.000000 -15000.000000
-250000.000000 -35000.000000 -15000.000000
-250000.000000 -35000.000000 -15000.000000
-250000.000000 -35000.000000 -15000.000000
-250000.000000 -35000.000000 -15000.000000
-250000.000000 -35000.000000 -15000.000000
-250000.000000 -35000.000000 -15000.000000
-250000.000000 -35000.000000 -15000.000000
-250000.000000 -35000.000000 -15000.000000
-250000.000000 -35000.000000 -15000.000000
-250000.000000 -35000.000000 -15000.000000
-250000.000000 -35000.000000 -15000.000000
-250000.000000 -35000.000000 -15000.000000
-250000.000000 -35000.000000 -15000.000000
-250000.000000 -35000.000000 -15000.000000
-250000.000000 -35000.000000 -15000.000000
-250000.000000 -35000.000000 -15000.000000
-250000.000000 -35000.000000 -15000.000000
-250000.000000 -35000.000000 -15000.000000
-250000.000000 -35000.000000 -15000.000000
-250000.000000 -35000.000000 -15000.000000
-250000.000000 -35000.000000 -15000.000000
-250000.000000 -35000.000000 -15000.000000
-250000.000000 -35000.000000 -15000.000000
-250000.000000 -35000.000000 -15000.000000
-250000.000000 -35000.000000 -15000.000000
-250000.000000 -35000.000000 -15000.000000
-250000.000000 -35000.000000 -15000.000000
-250000.000000 -35000.000000 -15000.000000
-250000.000000 -35000.000000 -15000.000000
-250000.000000 -35000.000000 -15000.000000
-250000.000000 -35000.000000 -15000.000000
-250000.000000 -35000.000000 -15000.000000
-250000.000000 -35000.000000 -15000.000000
-250000.000000 -35000.000000 -15000.000000
-250000.000000 -35000.000000 -15000.000000
-250000.000000 -35000.000000 -15000.000000
-250000.000000 -35000.000000 -15000.000000
-250000.000000 -35000.000000 -15000.000000
-250000.000000 -35000.000000 -15000.000000
-250000.000000 -35000.000000 -15000.000000
-250000.000000 -35000.000000 -15000.000000
-250000.000000 -35000.000000 -15000.000000
-250000.000000 -35000.000000 -15000.000000
-250000.000000 -35000.000000 -15000.000000
-250000.000000 -35000.000000 -15000.000000
-250000.000000 -35000.000000 -15000.000000
-250000.000000 -35000.000000 -15000.000000
-250000.000000 -35000.000000 -15000.000000
-250000.000000 -35000.000000 -15000.000000
-250000.000000 -35000.000000 -15000.000000
-250000.000000 -35000.000000 -15000.000000
-250000.000000 -35000.000000 -15000.000000
-250000.000000 -35000.000000 -15000.000000
-250000.000000 -35000.000000 -15000.000000
-250000.000000 -35000.000000 -15000.000000
-250000.000000 -35000.000000 -15000.000000
